1.098993848963226583e+03
4.274853664999009872e+00
1.574010220978851976e+03
8.611132601007018366e+02
6.200172006742351414e+02
9.861355391947838598e+02
1.025737727193334422e+03
9.621611042559921998e+02
1.225909179981319085e+03
1.311511289687564158e+03
1.005019269634584361e+03
1.107816967920480238e+03
1.036627312550079296e+03
7.703002969933758095e+02
7.566861383317257150e+02
1.206060993851983085e+03
9.379328741893532424e+02
5.792953172004152975e+02
8.504479228530951787e+02
9.822684299615903001e+02
7.293758062386310712e+02
8.050658504377529425e+02
8.528209212577513654e+02
7.300997669864807449e+02
6.244713233782190400e+02
8.636339299789040069e+02
5.461350385914619210e+02
7.196145033864471543e+02
7.219495719489514158e+02
5.592105954990901182e+02
5.343932450169434105e+02
1.022465775834580995e+03
6.447883831160743284e+02
3.864467990029457383e+02
8.785704169506416292e+02
1.101137119737983539e+03
7.875707204334460130e+02
5.915773418698003070e+02
9.064210100352223662e+02
6.724950157024170494e+02
9.694059759298902463e+02
8.766537124303571318e+02
6.968977266320171111e+02
6.843483488516623083e+02
6.646562578967990476e+02
7.197816411358267032e+02
3.863909999060950327e+02
3.825302205174835422e+02
5.131312639912683835e+02
5.204445239760315189e+02
5.965548673737423542e+02
5.684480084365095536e+02
6.853934585494486100e+02
1.072607071379378851e+02
1.490043349380693769e+02
5.826479893234736664e+02
4.946138460259971907e+02
6.537211298752744142e+02
4.194367216591486880e+01
1.652752174398139484e+00
1.482937943365162603e+00
1.894800258026174689e+00
7.143617948396480415e+02
2.979144741173322473e+02
3.268524732571157756e+02
2.355766871456463036e+02
1.084909600651293147e+02
1.954248309246713333e+01
1.981339197508458660e+00
4.655792508011862196e+02
5.393502748510826450e+02
3.449770353936847869e+02
5.503511647336936363e+01
6.422344759893748289e+01
1.270319960555693228e+01
1.130057103146323128e+00
8.606613701987912464e+02
3.492086960988569899e+02
5.160589016212061324e+02
8.653341414532306430e+01
1.344054299656952765e+02
1.152294581288400188e+01
1.179184194315916701e+00
7.674282020066431187e+02
5.981085178809736362e+02
7.272422082316347769e+02
1.367451175836145296e+02
2.485288532383893596e+02
4.332313996078620022e+01
1.431973188816332510e+00
9.927918116320430499e+02
7.052100895647877223e+02
5.087222159131321177e+02
1.126281576595098954e+02
1.863811161574280106e+01
1.660902260355591125e+02
1.000000000000000000e+00
6.000311262318112995e+02
3.628205010884619810e+02
3.676073089924889246e+02
6.021614313100599247e+00
2.769897476724153051e+01
1.067973784486734745e+00
1.301234948130879365e+00
5.757217799227197474e+02
5.109015530773304476e+02
4.705434052478243530e+02
1.168738031537528883e+02
1.222955670510984163e+02
3.824381929720325957e+01
2.907132940964681467e+01
1.000000000000000000e+00
1.000000000000000000e+00
7.703305785123966132e+01
1.001212500015647100e+00
1.000000000000000000e+00
1.000000000000000000e+00
6.615681591359080471e+01
1.000000000000000000e+00
5.614799908853201238e+00
1.000000000000000000e+00
1.077999667449992316e+00
1.408925065056544312e+01
1.770000000000000000e+02
4.197170164009905946e+00
1.000000000000000000e+00
1.000000000000000000e+00
1.298915964397676426e+00
2.508842975206611356e+02
1.000000000000000000e+00
1.000000000000000000e+00
5.717910960436283219e+00
1.000000000000000000e+00
1.000000000000000000e+00
1.000000000000000000e+00
1.910000000000000000e+02
1.160811002697224259e+00
3.822274324422618275e+00
1.334284289071395291e+00
2.280000000000000000e+02
5.420497394127533397e+01
