1.658500000000000441e+01
1.796999999999999886e+01
1.921500000000000341e+01
2.004500000000000526e+01
1.894000000000000128e+01
1.928500000000000369e+01
1.868499999999999872e+01
1.823000000000000398e+01
1.748500000000000654e+01
1.539000000000000057e+01
1.934000000000000341e+01
1.928000000000000114e+01
1.933000000000000540e+01
2.118499999999999872e+01
1.877000000000000313e+01
1.987000000000000455e+01
2.062999999999999901e+01
1.904500000000000526e+01
1.846499999999999631e+01
1.938000000000000256e+01
1.924500000000000455e+01
1.825499999999999901e+01
1.994499999999999673e+01
1.903000000000000469e+01
1.919000000000000483e+01
1.867000000000000171e+01
1.961000000000000298e+01
1.870500000000000540e+01
2.073500000000001009e+01
1.895500000000000540e+01
1.919000000000000483e+01
1.945500000000000540e+01
1.866000000000000014e+01
1.842999999999999972e+01
1.845500000000000540e+01
1.909000000000000341e+01
1.935500000000000398e+01
1.971499999999999986e+01
1.917500000000001137e+01
2.004999999999999716e+01
1.953000000000000469e+01
1.863000000000000611e+01
1.944000000000000128e+01
1.867000000000000171e+01
2.047999999999999687e+01
1.848000000000000398e+01
1.987000000000000099e+01
1.930500000000000327e+01
1.975500000000000256e+01
1.997500000000000497e+01
1.976000000000000156e+01
1.961500000000000199e+01
1.944000000000000483e+01
1.930500000000000327e+01
1.930500000000000327e+01
1.909500000000000242e+01
1.925500000000000256e+01
1.930500000000000327e+01
1.930500000000000327e+01
1.930500000000000327e+01
1.930500000000000327e+01
1.930500000000000327e+01
1.925500000000000256e+01
1.930500000000000327e+01
1.930500000000000327e+01
1.930500000000000327e+01
1.930500000000000327e+01
1.930500000000000327e+01
1.930500000000000327e+01
1.931500000000000483e+01
1.930500000000000327e+01
1.930500000000000327e+01
1.930500000000000327e+01
1.930500000000000327e+01
1.930500000000000327e+01
1.930500000000000327e+01
1.930500000000000327e+01
1.930500000000000327e+01
1.930500000000000327e+01
1.930500000000000327e+01
1.930500000000000327e+01
1.930500000000000327e+01
1.930500000000000327e+01
1.983000000000000185e+01
1.930500000000000327e+01
1.938500000000000156e+01
1.930500000000000327e+01
1.930500000000000327e+01
1.930500000000000327e+01
1.930500000000000327e+01
1.930500000000000327e+01
1.930500000000000327e+01
1.930500000000000327e+01
1.930500000000000327e+01
1.930500000000000327e+01
1.930500000000000327e+01
1.930500000000000327e+01
1.922500000000000142e+01
1.930500000000000327e+01
1.930500000000000327e+01
1.930500000000000327e+01
1.930500000000000327e+01
1.930500000000000327e+01
1.930500000000000327e+01
1.930500000000000327e+01
1.933500000000000085e+01
1.946000000000000085e+01
1.930500000000000327e+01
1.930500000000000327e+01
1.930500000000000327e+01
1.930500000000000327e+01
1.913500000000000156e+01
1.930500000000000327e+01
1.930500000000000327e+01
1.930500000000000327e+01
1.906500000000000128e+01
1.930500000000000327e+01
1.920000000000000284e+01
1.903000000000000469e+01
1.930500000000000327e+01
1.930500000000000327e+01
1.933999999999999986e+01
1.924500000000000455e+01
1.930500000000000327e+01
1.930500000000000327e+01
1.930500000000000327e+01
1.930500000000000327e+01
1.930500000000000327e+01
1.875000000000000355e+01
1.881500000000000128e+01
1.930500000000000327e+01
1.869000000000000128e+01
1.930500000000000327e+01
1.880500000000000327e+01
1.893500000000000583e+01
1.857000000000000028e+01
1.930500000000000327e+01
1.907500000000000284e+01
1.865500000000000114e+01
1.890500000000000114e+01
1.889500000000000313e+01
