2.852000000000000668e+01
3.220500000000001251e+01
3.194500000000000739e+01
3.662000000000000455e+01
3.238000000000000966e+01
3.366500000000000625e+01
3.239000000000002188e+01
3.163000000000001322e+01
2.955000000000001492e+01
2.960500000000000753e+01
3.394500000000001450e+01
3.222500000000001563e+01
3.409500000000001307e+01
3.658000000000000540e+01
3.353500000000001080e+01
3.463500000000001222e+01
3.539500000000000313e+01
3.382000000000001450e+01
3.355499999999999972e+01
3.510500000000001819e+01
3.401000000000001222e+01
3.295500000000001251e+01
3.381000000000000227e+01
3.429000000000001336e+01
3.415500000000000824e+01
3.371000000000000085e+01
3.551500000000000057e+01
3.333500000000000796e+01
3.564500000000001023e+01
3.447500000000001563e+01
3.395500000000001251e+01
3.470500000000001251e+01
3.302000000000001023e+01
3.314000000000000767e+01
3.207000000000001450e+01
3.366000000000000369e+01
3.501500000000002188e+01
3.387500000000000711e+01
3.408500000000001506e+01
3.481500000000000483e+01
3.445000000000000995e+01
3.318000000000001393e+01
3.407000000000000739e+01
3.352000000000000313e+01
3.449500000000000455e+01
3.300000000000001421e+01
3.435000000000000853e+01
3.384500000000001307e+01
3.429500000000001592e+01
3.459500000000001307e+01
3.441000000000001791e+01
3.441000000000001080e+01
3.421500000000001052e+01
3.407000000000000739e+01
3.407000000000000739e+01
3.289500000000001734e+01
3.291500000000002046e+01
3.407000000000000739e+01
3.407000000000000739e+01
3.407000000000000739e+01
3.407000000000000739e+01
3.407000000000000739e+01
3.353000000000000824e+01
3.404500000000000171e+01
3.363000000000000966e+01
3.438500000000001222e+01
3.396500000000001052e+01
3.407000000000000739e+01
3.407000000000000739e+01
3.394500000000000739e+01
3.412000000000000455e+01
3.423500000000000654e+01
3.407000000000000739e+01
3.407000000000000739e+01
3.407000000000000739e+01
3.407000000000000739e+01
3.414500000000001023e+01
3.407000000000000739e+01
3.407000000000000739e+01
3.407000000000000739e+01
3.407000000000000739e+01
3.407000000000000739e+01
3.407000000000000739e+01
3.449000000000000909e+01
3.395000000000000995e+01
3.385000000000000853e+01
3.407000000000000739e+01
3.407000000000000739e+01
3.407000000000000739e+01
3.407000000000000739e+01
3.301500000000000767e+01
3.406500000000000483e+01
3.349500000000000455e+01
3.407000000000000739e+01
3.407000000000000739e+01
3.407000000000000739e+01
3.407000000000000739e+01
3.409000000000000341e+01
3.390000000000001279e+01
3.370500000000001251e+01
3.407000000000000739e+01
3.407000000000000739e+01
3.407000000000000739e+01
3.407000000000000739e+01
3.412000000000000455e+01
3.410000000000000853e+01
3.422500000000000853e+01
3.407000000000000739e+01
3.407000000000000739e+01
3.407000000000000739e+01
3.407000000000000739e+01
3.390000000000000568e+01
3.467500000000001137e+01
3.407000000000000739e+01
3.407000000000000739e+01
3.397000000000000597e+01
3.407000000000000739e+01
3.396500000000001052e+01
3.379500000000000881e+01
3.407000000000000739e+01
3.347000000000000597e+01
3.410500000000000398e+01
3.386000000000001364e+01
3.392500000000001137e+01
3.388500000000000512e+01
3.359500000000000597e+01
3.407000000000000739e+01
3.407000000000000739e+01
3.351500000000000767e+01
3.358000000000000540e+01
3.381500000000000483e+01
3.345500000000000540e+01
3.407000000000000739e+01
3.357000000000000739e+01
3.370000000000000995e+01
3.307000000000000739e+01
3.407000000000000739e+01
3.330500000000000682e+01
3.296000000000001506e+01
3.367000000000000881e+01
3.298500000000001364e+01
