1.234550000000000125e+02
1.146700000000000301e+02
1.269199999999999733e+02
1.214099999999999824e+02
1.293950000000000671e+02
1.280700000000000216e+02
1.226850000000000591e+02
1.287849999999999682e+02
1.213800000000000807e+02
1.258550000000000324e+02
1.260899999999999750e+02
1.345449999999999875e+02
1.249950000000000188e+02
1.256600000000000392e+02
1.276300000000000239e+02
1.299449999999999932e+02
1.292049999999999841e+02
1.254500000000000028e+02
1.267700000000000102e+02
1.311000000000000512e+02
1.246100000000000421e+02
1.275950000000000131e+02
1.246750000000000114e+02
1.305150000000000432e+02
1.303300000000000125e+02
1.261950000000000074e+02
1.289499999999999886e+02
1.283500000000000227e+02
1.357900000000000205e+02
1.289099999999999966e+02
1.242650000000000006e+02
1.287299999999999613e+02
1.304149999999999920e+02
1.323500000000000512e+02
1.217850000000000108e+02
1.239000000000000057e+02
1.208400000000000176e+02
1.299299999999999784e+02
1.299700000000000273e+02
1.287999999999999829e+02
1.245350000000000108e+02
1.338650000000000091e+02
1.264400000000000119e+02
1.277049999999999699e+02
1.281250000000000000e+02
1.319149999999999920e+02
1.275049999999999670e+02
1.215300000000000153e+02
1.212549999999999955e+02
1.221850000000000023e+02
1.228100000000000307e+02
1.222000000000000171e+02
1.239200000000000017e+02
1.231600000000000108e+02
1.231600000000000108e+02
1.179900000000000375e+02
1.220150000000000290e+02
1.208449999999999989e+02
1.230350000000000108e+02
1.230350000000000108e+02
1.230350000000000108e+02
1.230350000000000108e+02
1.218550000000000182e+02
1.221550000000000296e+02
1.232650000000000148e+02
1.233500000000000085e+02
1.229300000000000210e+02
1.230350000000000108e+02
1.230350000000000108e+02
1.225400000000000063e+02
1.217300000000000324e+02
1.231300000000000239e+02
1.223050000000000068e+02
1.221050000000000182e+02
1.220700000000000216e+02
1.230350000000000108e+02
1.237100000000000364e+02
1.215599999999999881e+02
1.219200000000000159e+02
1.219900000000000091e+02
1.221500000000000057e+02
1.230350000000000108e+02
1.230350000000000108e+02
1.209950000000000188e+02
1.216000000000000227e+02
1.212000000000000028e+02
1.229950000000000045e+02
1.232650000000000148e+02
1.230750000000000171e+02
1.230350000000000108e+02
1.240949999999999562e+02
1.215650000000000119e+02
1.235099999999999909e+02
1.233600000000000136e+02
1.230350000000000108e+02
1.230350000000000108e+02
1.230350000000000108e+02
1.234449999999999505e+02
1.225500000000000256e+02
1.208000000000000114e+02
1.227350000000000136e+02
1.220400000000000063e+02
1.225950000000000131e+02
1.230350000000000108e+02
1.252750000000000057e+02
1.228050000000000068e+02
1.234099999999999966e+02
1.229850000000000136e+02
1.228900000000000148e+02
1.230350000000000108e+02
1.230350000000000108e+02
1.219799999999999898e+02
1.229950000000000188e+02
1.214550000000000267e+02
1.237000000000000171e+02
1.233850000000000193e+02
1.224300000000000210e+02
1.232800000000000296e+02
1.211550000000000153e+02
1.225600000000000165e+02
1.224350000000000165e+02
1.230399999999999920e+02
1.219200000000000159e+02
1.216250000000000142e+02
1.222000000000000028e+02
1.218050000000000210e+02
1.227950000000000159e+02
1.218300000000000267e+02
1.232600000000000335e+02
1.215849999999999937e+02
1.226899999999999977e+02
1.213850000000000193e+02
1.215600000000000307e+02
1.217800000000000153e+02
1.217100000000000080e+02
1.216900000000000261e+02
1.219700000000000131e+02
1.211450000000000244e+02
1.219850000000000279e+02
1.215000000000000142e+02
1.227400000000000233e+02
