6.820499999999996987e+01
7.634999999999999432e+01
7.574500000000000455e+01
8.479000000000002046e+01
8.554000000000003467e+01
8.414999999999996305e+01
7.291499999999999204e+01
7.415000000000000568e+01
7.324000000000005173e+01
7.639000000000002899e+01
8.037499999999995737e+01
8.516499999999997783e+01
8.123499999999997101e+01
7.880999999999997385e+01
8.021999999999998465e+01
8.393999999999998352e+01
8.271499999999997499e+01
8.047999999999997556e+01
7.950499999999996703e+01
8.414499999999999602e+01
8.011999999999999034e+01
8.222999999999997556e+01
8.090999999999995396e+01
8.434999999999999432e+01
8.392499999999999716e+01
8.188499999999996248e+01
8.154999999999998295e+01
8.130499999999999261e+01
8.583999999999998920e+01
7.883999999999998920e+01
7.643499999999995964e+01
8.075499999999996703e+01
8.039499999999996760e+01
8.497499999999998010e+01
7.668500000000000227e+01
8.066499999999996362e+01
8.021999999999997044e+01
8.214499999999996760e+01
8.171000000000000796e+01
8.264499999999999602e+01
8.067499999999995453e+01
8.540500000000000114e+01
8.538499999999999091e+01
8.302999999999995850e+01
8.000999999999996248e+01
8.067499999999996874e+01
7.814499999999996760e+01
7.849499999999997613e+01
7.690999999999996817e+01
7.831999999999996476e+01
7.854499999999998749e+01
7.821999999999999886e+01
7.996999999999998465e+01
7.906999999999997897e+01
7.906999999999997897e+01
7.536999999999999034e+01
7.899500000000000455e+01
7.717499999999998295e+01
7.906999999999997897e+01
7.906999999999997897e+01
7.906999999999997897e+01
7.906999999999997897e+01
7.743999999999998352e+01
7.820499999999998408e+01
7.911499999999998067e+01
7.938499999999997669e+01
7.896499999999998920e+01
7.906999999999997897e+01
7.906999999999997897e+01
7.841499999999999204e+01
7.636999999999997613e+01
7.923499999999998522e+01
7.833999999999997499e+01
7.813999999999998636e+01
7.810499999999998977e+01
7.906999999999997897e+01
7.898499999999998522e+01
7.826499999999997215e+01
7.737499999999998579e+01
7.848999999999998067e+01
7.848499999999998522e+01
7.906999999999997897e+01
7.906999999999997897e+01
7.558499999999999375e+01
7.721999999999998465e+01
7.757499999999997442e+01
7.906999999999997897e+01
7.906999999999997897e+01
7.906999999999997897e+01
7.906999999999997897e+01
7.851999999999995339e+01
7.765999999999996817e+01
7.944499999999996476e+01
7.939499999999998181e+01
7.906999999999997897e+01
7.906999999999997897e+01
7.906999999999997897e+01
7.890499999999994429e+01
7.845499999999998408e+01
7.703999999999999204e+01
7.910999999999998522e+01
7.837999999999998124e+01
7.862999999999998124e+01
7.906999999999997897e+01
7.975999999999997669e+01
7.937999999999998124e+01
8.015499999999997272e+01
7.918999999999998352e+01
7.912499999999998579e+01
7.906999999999997897e+01
7.906999999999997897e+01
7.806999999999996476e+01
7.967499999999998295e+01
7.857499999999998863e+01
7.978499999999998238e+01
7.896999999999998465e+01
7.873999999999998067e+01
7.896499999999998920e+01
7.821499999999998920e+01
7.859499999999998465e+01
7.846999999999998465e+01
7.944999999999997442e+01
7.885999999999998522e+01
7.818499999999998806e+01
7.823499999999997101e+01
7.783999999999998920e+01
7.900499999999996703e+01
7.848499999999998522e+01
7.822999999999998977e+01
7.810999999999997101e+01
7.908999999999997499e+01
7.791999999999997328e+01
7.784999999999999432e+01
7.859999999999998010e+01
7.834999999999998010e+01
7.792499999999998295e+01
7.906999999999997897e+01
7.717999999999999261e+01
7.767499999999999716e+01
7.866999999999998749e+01
7.834999999999998010e+01
