7.632999999999995566e+01
7.761999999999999034e+01
8.688500000000000512e+01
8.767500000000002558e+01
8.824000000000005173e+01
9.169499999999999318e+01
7.843000000000003524e+01
7.720999999999999375e+01
7.563000000000006651e+01
8.455500000000003524e+01
8.427499999999996305e+01
9.059999999999998010e+01
8.270999999999996533e+01
8.153999999999997783e+01
8.374499999999999034e+01
8.648999999999998067e+01
8.566999999999997328e+01
8.205499999999996419e+01
8.118499999999997385e+01
8.723499999999998522e+01
8.126999999999998181e+01
8.485999999999997101e+01
8.409499999999997044e+01
8.690999999999999659e+01
8.750999999999999091e+01
8.571499999999997499e+01
8.455999999999998806e+01
8.257499999999998863e+01
8.822500000000000853e+01
8.219499999999999318e+01
8.069499999999996476e+01
8.279999999999996874e+01
8.311499999999996646e+01
8.718499999999998806e+01
8.002500000000000568e+01
8.382999999999996987e+01
8.187999999999999545e+01
8.691499999999996362e+01
8.606500000000002615e+01
8.402499999999999147e+01
8.263999999999997215e+01
8.940500000000000114e+01
8.794499999999999318e+01
8.469999999999996021e+01
8.281999999999996476e+01
8.449999999999998579e+01
8.124499999999996191e+01
8.007499999999998863e+01
7.847499999999996589e+01
8.010999999999997101e+01
8.091500000000000625e+01
8.051999999999999602e+01
8.126999999999998181e+01
8.046499999999997499e+01
8.046499999999997499e+01
7.663999999999998636e+01
8.026500000000000057e+01
7.844999999999997442e+01
8.033999999999997499e+01
8.033999999999997499e+01
8.033999999999997499e+01
8.033999999999997499e+01
7.873499999999998522e+01
7.947499999999998010e+01
8.038499999999997669e+01
8.065499999999997272e+01
8.023499999999998522e+01
8.033999999999997499e+01
8.033999999999997499e+01
8.073999999999999488e+01
7.805499999999997840e+01
8.059499999999998465e+01
7.960999999999997101e+01
7.940999999999998238e+01
7.937499999999998579e+01
8.033999999999997499e+01
8.032499999999997442e+01
8.034499999999995623e+01
7.937500000000000000e+01
7.975999999999997669e+01
7.975499999999998124e+01
8.033999999999997499e+01
8.033999999999997499e+01
7.800000000000000000e+01
7.962999999999999545e+01
7.952999999999997272e+01
8.046499999999997499e+01
8.066499999999997783e+01
8.037999999999998124e+01
8.033999999999997499e+01
8.120499999999994145e+01
8.016499999999997783e+01
8.071499999999996078e+01
8.066499999999997783e+01
8.033999999999997499e+01
8.033999999999997499e+01
8.033999999999997499e+01
8.092999999999993577e+01
8.065499999999998693e+01
7.864499999999999602e+01
8.037999999999998124e+01
7.964999999999997726e+01
7.989999999999997726e+01
8.033999999999997499e+01
8.186999999999997613e+01
8.064999999999997726e+01
8.142499999999996874e+01
8.045999999999997954e+01
8.039499999999998181e+01
8.033999999999997499e+01
8.033999999999997499e+01
7.933999999999996078e+01
8.094499999999997897e+01
7.984499999999998465e+01
8.105499999999997840e+01
8.023999999999998067e+01
8.000999999999997669e+01
8.023499999999998522e+01
7.948499999999998522e+01
7.986499999999998067e+01
7.973999999999998067e+01
8.071999999999997044e+01
8.012999999999998124e+01
7.945499999999998408e+01
7.950499999999996703e+01
7.910999999999998522e+01
8.027499999999996305e+01
7.977499999999997726e+01
7.949999999999998579e+01
7.937999999999996703e+01
8.035999999999997101e+01
7.918999999999996930e+01
7.911999999999999034e+01
7.986999999999997613e+01
7.961999999999997613e+01
7.919499999999997897e+01
8.033999999999997499e+01
7.844999999999998863e+01
7.933999999999998920e+01
7.993999999999998352e+01
7.967999999999997840e+01
