1.674050000000000296e+02
1.586600000000001103e+02
1.748850000000000762e+02
1.704750000000000227e+02
1.762199999999999989e+02
1.741700000000000728e+02
1.634450000000002774e+02
1.726750000000000398e+02
1.671299999999999670e+02
1.725500000000001819e+02
1.702800000000000296e+02
1.779299999999999216e+02
1.702600000000000477e+02
1.754950000000000898e+02
1.739800000000000750e+02
1.785050000000000523e+02
1.763250000000000171e+02
1.711600000000000250e+02
1.728800000000001091e+02
1.794500000000000455e+02
1.712150000000000887e+02
1.729100000000000250e+02
1.711650000000000773e+02
1.754350000000000875e+02
1.760950000000000841e+02
1.703500000000000512e+02
1.762600000000001046e+02
1.734150000000000773e+02
1.846700000000001296e+02
1.707399999999999807e+02
1.689900000000000659e+02
1.739699999999999420e+02
1.790900000000000318e+02
1.747050000000000693e+02
1.676950000000001353e+02
1.691600000000000819e+02
1.677750000000001762e+02
1.733499999999999375e+02
1.773400000000000603e+02
1.739350000000000307e+02
1.697150000000000603e+02
1.831549999999999727e+02
1.728050000000000637e+02
1.754049999999999727e+02
1.746550000000000296e+02
1.781950000000000216e+02
1.708899999999999579e+02
1.652200000000000841e+02
1.656050000000001035e+02
1.653750000000001137e+02
1.677600000000000762e+02
1.660500000000000966e+02
1.688349999999999795e+02
1.677950000000000159e+02
1.675200000000000387e+02
1.623900000000001285e+02
1.654700000000001410e+02
1.650150000000001000e+02
1.679400000000000546e+02
1.679400000000000546e+02
1.679400000000000546e+02
1.679400000000000546e+02
1.674900000000000659e+02
1.677650000000001285e+02
1.683750000000000568e+02
1.682150000000000603e+02
1.678850000000000762e+02
1.679400000000000546e+02
1.679400000000000546e+02
1.688200000000000500e+02
1.651800000000001205e+02
1.657900000000001342e+02
1.662450000000001182e+02
1.660350000000001387e+02
1.669750000000001080e+02
1.679400000000000546e+02
1.689300000000001205e+02
1.653100000000000591e+02
1.658900000000001000e+02
1.664050000000000864e+02
1.665750000000000739e+02
1.676250000000000568e+02
1.677950000000000728e+02
1.665200000000001523e+02
1.654200000000001012e+02
1.656650000000001342e+02
1.673100000000000591e+02
1.676700000000000159e+02
1.679800000000000750e+02
1.679400000000000546e+02
1.691850000000000307e+02
1.668200000000001069e+02
1.671300000000000523e+02
1.681600000000000534e+02
1.679400000000000546e+02
1.679400000000000546e+02
1.679400000000000546e+02
1.704600000000000364e+02
1.665550000000001205e+02
1.655800000000000978e+02
1.678000000000000682e+02
1.674800000000000750e+02
1.675000000000000853e+02
1.679400000000000546e+02
1.709200000000000443e+02
1.684350000000000307e+02
1.684050000000000296e+02
1.680450000000000728e+02
1.677350000000000705e+02
1.679400000000000546e+02
1.679400000000000546e+02
1.668850000000000762e+02
1.682950000000000443e+02
1.659250000000000966e+02
1.687450000000000330e+02
1.684350000000000591e+02
1.683400000000000603e+02
1.672450000000000614e+02
1.655650000000000830e+02
1.673400000000000887e+02
1.679300000000000637e+02
1.672550000000000807e+02
1.664000000000000909e+02
1.665300000000000864e+02
1.666600000000000819e+02
1.663150000000000830e+02
1.681450000000000671e+02
1.660200000000000955e+02
1.689800000000001035e+02
1.665350000000000534e+02
1.676000000000000512e+02
1.667750000000000909e+02
1.656150000000001228e+02
1.659550000000000978e+02
1.658500000000000796e+02
1.662750000000000909e+02
1.665200000000000955e+02
1.657600000000001046e+02
1.662200000000000841e+02
1.656550000000000864e+02
1.676200000000000614e+02
