3.888499999999998380e+01
4.645999999999999375e+01
4.138499999999999801e+01
5.157000000000000028e+01
4.697499999999999432e+01
4.902999999999997982e+01
4.392000000000000171e+01
4.487999999999999545e+01
4.116500000000002757e+01
4.515999999999999659e+01
4.860499999999999687e+01
4.701999999999999602e+01
4.929999999999999005e+01
5.174499999999998323e+01
4.934499999999999176e+01
5.113999999999998636e+01
5.059999999999998010e+01
4.902499999999999147e+01
4.930999999999997385e+01
5.103999999999999915e+01
4.886500000000000199e+01
4.862999999999998835e+01
4.747499999999998721e+01
4.934999999999999432e+01
4.881499999999999062e+01
4.917499999999997584e+01
4.932499999999998153e+01
4.897499999999999432e+01
5.004499999999999460e+01
4.833000000000000540e+01
4.787499999999999289e+01
4.889999999999998437e+01
4.740499999999998693e+01
4.786999999999999034e+01
4.574499999999999744e+01
4.777499999999997016e+01
4.794500000000000028e+01
4.730499999999998550e+01
4.898999999999999488e+01
4.865999999999997527e+01
4.985999999999998522e+01
4.825499999999998835e+01
4.879499999999999460e+01
4.903999999999997783e+01
4.945999999999998664e+01
4.746999999999998465e+01
4.764999999999998437e+01
4.941499999999999204e+01
4.791499999999999204e+01
4.934499999999999176e+01
4.964000000000000057e+01
4.844999999999999574e+01
4.964499999999998892e+01
4.950999999999998380e+01
4.950999999999998380e+01
4.614999999999998437e+01
4.692000000000000171e+01
4.763499999999997669e+01
4.950999999999998380e+01
4.950999999999998380e+01
4.950999999999998380e+01
4.950999999999998380e+01
4.788499999999997669e+01
4.853499999999997527e+01
4.883499999999997954e+01
4.982499999999998863e+01
4.940499999999998693e+01
4.950999999999998380e+01
4.950999999999998380e+01
4.711499999999997357e+01
4.699499999999997613e+01
4.967499999999998295e+01
4.886999999999998323e+01
4.864499999999997470e+01
4.854499999999998749e+01
4.950999999999998380e+01
4.792999999999998550e+01
4.889999999999998437e+01
4.868999999999998352e+01
4.901999999999998181e+01
4.901999999999998181e+01
4.950999999999998380e+01
4.950999999999998380e+01
4.688999999999997925e+01
4.744999999999997442e+01
4.789499999999997470e+01
4.950999999999998380e+01
4.950999999999998380e+01
4.950999999999998380e+01
4.950999999999998380e+01
4.845499999999998408e+01
4.743999999999996930e+01
4.849499999999998323e+01
4.950999999999998380e+01
4.950999999999998380e+01
4.950999999999998380e+01
4.950999999999998380e+01
4.952999999999997982e+01
4.707499999999998153e+01
4.744999999999998863e+01
4.954999999999999005e+01
4.881999999999998607e+01
4.906999999999998607e+01
4.950999999999998380e+01
4.800999999999997669e+01
4.953999999999998494e+01
5.012499999999998579e+01
4.972499999999998721e+01
4.965999999999998238e+01
4.950999999999998380e+01
4.950999999999998380e+01
4.933999999999998209e+01
5.011499999999998778e+01
4.920499999999999119e+01
4.950999999999998380e+01
4.940999999999998238e+01
4.950999999999998380e+01
4.940499999999998693e+01
4.856999999999998607e+01
4.950999999999998380e+01
4.890999999999998238e+01
4.932499999999998153e+01
4.929999999999999005e+01
4.936499999999998778e+01
4.932499999999998153e+01
4.864999999999998437e+01
4.950999999999998380e+01
4.930499999999998550e+01
4.895499999999998408e+01
4.881499999999998352e+01
4.925499999999998124e+01
4.889499999999998181e+01
4.887999999999998835e+01
4.900999999999998380e+01
4.913999999999998636e+01
4.865999999999998238e+01
4.950999999999998380e+01
4.811999999999999034e+01
4.839999999999999147e+01
4.910999999999998522e+01
4.842499999999999005e+01
