1.065050000000000523e+02
9.929000000000004889e+01
1.082449999999999903e+02
1.063800000000000239e+02
1.082650000000000716e+02
1.152600000000000762e+02
1.045900000000000887e+02
1.100349999999999966e+02
1.013050000000001063e+02
1.077550000000000807e+02
1.101550000000000011e+02
1.161650000000000347e+02
1.089200000000000301e+02
1.080600000000000449e+02
1.108300000000000551e+02
1.121700000000000443e+02
1.121550000000000296e+02
1.087400000000000233e+02
1.090250000000000341e+02
1.141450000000000671e+02
1.056550000000000580e+02
1.103600000000000421e+02
1.099100000000000392e+02
1.135950000000000841e+02
1.134100000000000676e+02
1.092750000000000341e+02
1.120300000000000580e+02
1.114050000000000580e+02
1.187300000000000608e+02
1.100700000000000500e+02
1.071600000000000250e+02
1.125150000000000148e+02
1.129500000000000313e+02
1.152350000000000563e+02
1.048550000000000324e+02
1.069800000000000324e+02
1.036800000000000495e+02
1.137150000000000318e+02
1.126800000000001063e+02
1.112750000000000483e+02
1.071750000000000398e+02
1.172200000000000699e+02
1.103000000000000398e+02
1.110350000000000250e+02
1.110850000000000364e+02
1.149250000000000398e+02
1.097900000000000063e+02
1.049750000000000369e+02
1.046900000000000261e+02
1.056700000000000301e+02
1.062200000000000557e+02
1.056850000000000449e+02
1.070000000000000284e+02
1.062400000000000375e+02
1.062400000000000375e+02
1.003200000000000500e+02
1.051100000000000563e+02
1.039250000000000256e+02
1.061150000000000375e+02
1.061150000000000375e+02
1.061150000000000375e+02
1.061150000000000375e+02
1.049350000000000449e+02
1.047850000000000534e+02
1.055750000000000455e+02
1.064300000000000352e+02
1.060100000000000477e+02
1.061150000000000375e+02
1.061150000000000375e+02
1.053650000000000375e+02
1.046350000000000477e+02
1.062100000000000506e+02
1.053850000000000335e+02
1.051850000000000449e+02
1.051500000000000483e+02
1.061150000000000375e+02
1.068400000000000603e+02
1.046400000000000148e+02
1.050000000000000426e+02
1.050700000000000358e+02
1.052300000000000324e+02
1.061150000000000375e+02
1.061150000000000375e+02
1.039800000000000750e+02
1.050850000000000506e+02
1.046850000000000307e+02
1.060750000000000313e+02
1.063450000000000415e+02
1.061550000000000438e+02
1.061150000000000375e+02
1.063299999999999841e+02
1.046450000000000244e+02
1.064450000000000216e+02
1.064400000000000404e+02
1.061150000000000375e+02
1.061150000000000375e+02
1.061150000000000375e+02
1.053549999999999613e+02
1.056300000000000523e+02
1.038800000000000381e+02
1.058150000000000404e+02
1.051200000000000330e+02
1.056750000000000398e+02
1.061150000000000375e+02
1.080400000000000489e+02
1.058850000000000335e+02
1.064900000000000233e+02
1.060650000000000404e+02
1.059700000000000415e+02
1.061150000000000375e+02
1.061150000000000375e+02
1.050600000000000165e+02
1.060750000000000455e+02
1.047300000000000466e+02
1.073600000000000421e+02
1.060150000000000432e+02
1.055100000000000477e+02
1.055450000000000443e+02
1.050150000000000432e+02
1.056400000000000432e+02
1.055150000000000432e+02
1.063750000000000284e+02
1.047150000000000460e+02
1.052300000000000466e+02
1.052800000000000296e+02
1.048850000000000477e+02
1.060500000000000256e+02
1.055500000000000398e+02
1.063400000000000603e+02
1.049200000000000301e+02
1.057700000000000244e+02
1.045500000000000398e+02
1.048950000000000529e+02
1.054200000000000443e+02
1.056350000000000335e+02
1.049700000000000415e+02
1.061150000000000375e+02
1.042250000000000512e+02
1.051150000000000517e+02
1.047500000000000426e+02
1.055450000000000443e+02
