1.424150000000000205e+02
1.326900000000000261e+02
1.423950000000000671e+02
1.396200000000000330e+02
1.489799999999999898e+02
1.451650000000000489e+02
1.386550000000000864e+02
1.465149999999999579e+02
1.360500000000000966e+02
1.457800000000000580e+02
1.447449999999999761e+02
1.484499999999999034e+02
1.450850000000000080e+02
1.464500000000000455e+02
1.483449999999999989e+02
1.515499999999999545e+02
1.486849999999999454e+02
1.460249999999999773e+02
1.469650000000000034e+02
1.523350000000000080e+02
1.459350000000000307e+02
1.451450000000000102e+02
1.450950000000000273e+02
1.507350000000000136e+02
1.508400000000000034e+02
1.450300000000000011e+02
1.493199999999999932e+02
1.485699999999999932e+02
1.564950000000000045e+02
1.462699999999999534e+02
1.441150000000000091e+02
1.498999999999999204e+02
1.512549999999999386e+02
1.503700000000000330e+02
1.430500000000000398e+02
1.445799999999999841e+02
1.410200000000000955e+02
1.474549999999998988e+02
1.499350000000000023e+02
1.484299999999999500e+02
1.407050000000000125e+02
1.541899999999999693e+02
1.452999999999999829e+02
1.483849999999999341e+02
1.482749999999999488e+02
1.529199999999999591e+02
1.438599999999999284e+02
1.403100000000000307e+02
1.409850000000000421e+02
1.408400000000000318e+02
1.429000000000000341e+02
1.411150000000000375e+02
1.427049999999999841e+02
1.430099999999999909e+02
1.430250000000000057e+02
1.380350000000000819e+02
1.417800000000000864e+02
1.403350000000000364e+02
1.431250000000000000e+02
1.431250000000000000e+02
1.431250000000000000e+02
1.431250000000000000e+02
1.406700000000000159e+02
1.422450000000000614e+02
1.433549999999999898e+02
1.434399999999999977e+02
1.430200000000000102e+02
1.431250000000000000e+02
1.431250000000000000e+02
1.426300000000000239e+02
1.400800000000000693e+02
1.410900000000000603e+02
1.414750000000000512e+02
1.412650000000000716e+02
1.421600000000000534e+02
1.431250000000000000e+02
1.427800000000000580e+02
1.405900000000000034e+02
1.404250000000000398e+02
1.415900000000000318e+02
1.417600000000000193e+02
1.428100000000000023e+02
1.429800000000000182e+02
1.416550000000000580e+02
1.407300000000000466e+02
1.406650000000000489e+02
1.427050000000000125e+02
1.428399999999999750e+02
1.431650000000000205e+02
1.431250000000000000e+02
1.436299999999999670e+02
1.422650000000000432e+02
1.425749999999999886e+02
1.434499999999999886e+02
1.431250000000000000e+02
1.431250000000000000e+02
1.431250000000000000e+02
1.436549999999999443e+02
1.413050000000000637e+02
1.402100000000000364e+02
1.428250000000000171e+02
1.421300000000000239e+02
1.426850000000000307e+02
1.431250000000000000e+02
1.453299999999999841e+02
1.436799999999999784e+02
1.435099999999999909e+02
1.430750000000000171e+02
1.429800000000000182e+02
1.431250000000000000e+02
1.431250000000000000e+02
1.420700000000000216e+02
1.430850000000000080e+02
1.406250000000000568e+02
1.439299999999999784e+02
1.434350000000000023e+02
1.433250000000000171e+02
1.424500000000000171e+02
1.412450000000000330e+02
1.426500000000000341e+02
1.423600000000000421e+02
1.426200000000000045e+02
1.420100000000000477e+02
1.417150000000000318e+02
1.420100000000000193e+02
1.418950000000000387e+02
1.428850000000000193e+02
1.419200000000000443e+02
1.433000000000000398e+02
1.414099999999999966e+02
1.427800000000000011e+02
1.414450000000000500e+02
1.416500000000000625e+02
1.412950000000000443e+02
1.413450000000000273e+02
1.416150000000000375e+02
1.420600000000000307e+02
1.407900000000000489e+02
1.412800000000000580e+02
1.413000000000000398e+02
1.428050000000000068e+02
