1.769950000000000614e+02
1.684450000000001069e+02
1.890949999999999989e+02
1.820849999999999795e+02
1.851599999999999397e+02
1.858400000000000318e+02
1.752100000000002353e+02
1.850950000000000557e+02
1.768799999999999670e+02
1.836250000000001705e+02
1.848150000000000546e+02
1.875300000000000011e+02
1.794550000000000409e+02
1.855100000000001046e+02
1.839250000000000966e+02
1.879800000000000750e+02
1.865100000000000193e+02
1.804100000000000250e+02
1.822100000000001216e+02
1.897700000000000387e+02
1.819450000000001069e+02
1.826950000000000500e+02
1.809750000000001080e+02
1.853300000000001546e+02
1.856900000000001114e+02
1.809000000000000625e+02
1.860900000000001171e+02
1.846400000000001000e+02
1.956350000000001899e+02
1.835699999999999932e+02
1.812700000000000955e+02
1.832799999999999727e+02
1.881600000000000534e+02
1.850950000000000841e+02
1.777650000000001853e+02
1.820450000000001012e+02
1.791050000000002171e+02
1.848699999999999761e+02
1.883100000000001160e+02
1.837750000000000625e+02
1.806650000000000773e+02
1.947950000000000443e+02
1.847400000000000375e+02
1.852800000000000011e+02
1.853550000000000466e+02
1.886150000000000091e+02
1.815099999999999909e+02
1.750500000000000966e+02
1.755050000000001091e+02
1.752250000000001364e+02
1.779150000000001057e+02
1.758800000000001091e+02
1.788799999999999955e+02
1.776250000000000284e+02
1.773500000000000512e+02
1.721900000000001683e+02
1.760650000000001683e+02
1.754100000000001103e+02
1.777700000000000671e+02
1.777700000000000671e+02
1.777700000000000671e+02
1.777700000000000671e+02
1.778300000000001262e+02
1.775950000000001410e+02
1.782050000000000693e+02
1.780450000000000728e+02
1.777150000000000887e+02
1.777700000000000671e+02
1.777700000000000671e+02
1.788700000000000614e+02
1.750100000000001330e+02
1.756200000000001467e+02
1.760750000000001307e+02
1.758650000000001512e+02
1.768050000000001205e+02
1.777700000000000671e+02
1.786200000000001467e+02
1.751400000000000716e+02
1.757200000000001125e+02
1.762350000000000989e+02
1.764050000000000864e+02
1.774550000000000693e+02
1.776250000000000853e+02
1.774150000000001626e+02
1.752500000000001137e+02
1.754950000000001467e+02
1.771400000000000716e+02
1.775000000000000284e+02
1.778100000000000875e+02
1.777700000000000671e+02
1.789300000000000352e+02
1.758900000000001285e+02
1.769600000000000648e+02
1.779900000000000659e+02
1.777700000000000671e+02
1.777700000000000671e+02
1.777700000000000671e+02
1.818150000000000546e+02
1.765250000000001478e+02
1.760750000000001307e+02
1.776300000000000807e+02
1.773100000000000875e+02
1.773300000000000978e+02
1.777700000000000671e+02
1.807500000000000568e+02
1.782650000000000432e+02
1.782350000000000421e+02
1.778750000000000853e+02
1.775650000000000830e+02
1.777700000000000671e+02
1.777700000000000671e+02
1.767150000000000887e+02
1.781250000000000568e+02
1.757550000000001091e+02
1.781050000000000466e+02
1.782650000000000716e+02
1.781700000000000728e+02
1.770750000000000739e+02
1.752850000000001103e+02
1.768150000000001114e+02
1.777600000000000762e+02
1.775600000000001160e+02
1.762300000000001035e+02
1.764100000000000819e+02
1.764900000000000944e+02
1.759000000000000909e+02
1.781200000000000898e+02
1.752150000000001171e+02
1.788100000000001160e+02
1.763650000000000659e+02
1.774300000000000637e+02
1.766050000000001035e+02
1.752000000000001307e+02
1.757850000000001103e+02
1.756800000000000921e+02
1.761050000000001035e+02
1.764500000000001023e+02
1.749300000000001205e+02
1.760500000000000966e+02
1.754850000000000989e+02
1.774500000000000739e+02
