8.654999999999998295e+01
8.005499999999999261e+01
9.530499999999997840e+01
9.088000000000002387e+01
9.147500000000005116e+01
9.773500000000002785e+01
8.365500000000002956e+01
8.759499999999994202e+01
8.249000000000008015e+01
8.937000000000004718e+01
8.974499999999997613e+01
9.622999999999997556e+01
8.598999999999996646e+01
8.538999999999998636e+01
8.784999999999999432e+01
8.949999999999998579e+01
8.909999999999998010e+01
8.611499999999996646e+01
8.536499999999998067e+01
9.220499999999998408e+01
8.450999999999999091e+01
8.776999999999998181e+01
8.765499999999998693e+01
9.141000000000002501e+01
9.104000000000000625e+01
8.964999999999999147e+01
8.882999999999999829e+01
8.873499999999999943e+01
9.689499999999999602e+01
8.805999999999998806e+01
8.487999999999996703e+01
9.091999999999995907e+01
9.036999999999996191e+01
9.350000000000000000e+01
8.549500000000000455e+01
8.673999999999998067e+01
8.586000000000001364e+01
9.280499999999997840e+01
9.026500000000004320e+01
9.005500000000000682e+01
8.895499999999998408e+01
9.527000000000001023e+01
9.110000000000000853e+01
8.827999999999997272e+01
8.841499999999997783e+01
9.244999999999998863e+01
8.891499999999996362e+01
8.335999999999999943e+01
8.201999999999996760e+01
8.376499999999997215e+01
8.435000000000000853e+01
8.376000000000000512e+01
8.446499999999997499e+01
8.356999999999997897e+01
8.356999999999997897e+01
7.964499999999999602e+01
8.457000000000000739e+01
8.155499999999997840e+01
8.344499999999997897e+01
8.344499999999997897e+01
8.344499999999997897e+01
8.344499999999997897e+01
8.226499999999998636e+01
8.254999999999999716e+01
8.341499999999999204e+01
8.375999999999997669e+01
8.333999999999998920e+01
8.344499999999997897e+01
8.344499999999997897e+01
8.429000000000000625e+01
8.261999999999997613e+01
8.411499999999999488e+01
8.271499999999997499e+01
8.251499999999998636e+01
8.247999999999998977e+01
8.344499999999997897e+01
8.417000000000000171e+01
8.344999999999996021e+01
8.279999999999999716e+01
8.286499999999998067e+01
8.285999999999998522e+01
8.344499999999997897e+01
8.344499999999997897e+01
8.131000000000001648e+01
8.304500000000000171e+01
8.277999999999997272e+01
8.356999999999997897e+01
8.376999999999998181e+01
8.348499999999998522e+01
8.344499999999997897e+01
8.552499999999994884e+01
8.374999999999998579e+01
8.451999999999996760e+01
8.376999999999998181e+01
8.344499999999997897e+01
8.344499999999997897e+01
8.344499999999997897e+01
8.415499999999994429e+01
8.385499999999998977e+01
8.175000000000000000e+01
8.348499999999998522e+01
8.275499999999998124e+01
8.300499999999998124e+01
8.344499999999997897e+01
8.536999999999999034e+01
8.375499999999998124e+01
8.452999999999997272e+01
8.356499999999998352e+01
8.349999999999998579e+01
8.344499999999997897e+01
8.344499999999997897e+01
8.244499999999996476e+01
8.404999999999998295e+01
8.279499999999998749e+01
8.468999999999998352e+01
8.334499999999998465e+01
8.311499999999998067e+01
8.333999999999998920e+01
8.258999999999998920e+01
8.296999999999998465e+01
8.284499999999998465e+01
8.382499999999997442e+01
8.236999999999999034e+01
8.255999999999998806e+01
8.260999999999997101e+01
8.221499999999998920e+01
8.337999999999996703e+01
8.287999999999998124e+01
8.346999999999999886e+01
8.248499999999997101e+01
8.330499999999997840e+01
8.289499999999998181e+01
8.222499999999999432e+01
8.297499999999998010e+01
8.296499999999997499e+01
8.229999999999998295e+01
8.344499999999997897e+01
8.155499999999999261e+01
8.244499999999999318e+01
8.296499999999998920e+01
8.287499999999998579e+01
