5.399499999999996902e+01
5.634999999999998010e+01
6.174499999999999744e+01
6.477500000000000568e+01
6.582000000000000739e+01
6.492499999999996874e+01
5.643999999999998352e+01
5.599000000000000199e+01
5.253000000000001535e+01
5.827999999999997982e+01
6.042499999999999005e+01
6.747499999999998010e+01
6.123999999999997357e+01
5.953499999999996817e+01
5.938499999999997669e+01
6.250499999999996703e+01
6.259999999999997300e+01
6.065499999999997982e+01
5.933999999999996078e+01
6.346499999999998209e+01
5.943999999999999062e+01
6.044499999999997186e+01
6.095999999999995822e+01
6.106499999999999062e+01
6.250499999999997414e+01
6.041499999999994941e+01
6.087999999999995993e+01
6.009499999999997755e+01
6.462999999999998124e+01
5.815999999999998948e+01
5.716999999999995907e+01
6.086999999999996902e+01
6.027999999999997272e+01
6.047999999999996845e+01
5.513999999999997215e+01
5.969499999999995055e+01
5.891999999999997328e+01
6.102499999999995595e+01
6.064999999999997016e+01
6.279999999999995453e+01
5.999499999999996191e+01
6.256499999999995509e+01
6.357499999999996021e+01
6.261499999999995225e+01
5.922999999999995424e+01
5.965999999999995396e+01
5.886499999999995936e+01
5.889499999999997470e+01
5.724499999999997613e+01
5.865999999999997527e+01
5.838999999999998636e+01
5.750999999999997669e+01
5.976999999999997470e+01
5.835999999999997101e+01
5.835999999999997101e+01
5.509999999999996589e+01
5.728499999999998948e+01
5.646499999999996078e+01
5.835999999999997101e+01
5.835999999999997101e+01
5.835999999999997101e+01
5.835999999999997101e+01
5.722999999999996135e+01
5.749499999999996191e+01
5.822999999999996845e+01
5.867499999999997584e+01
5.825499999999997414e+01
5.835999999999997101e+01
5.835999999999997101e+01
5.768499999999997385e+01
5.584499999999996334e+01
5.852499999999997016e+01
5.771999999999997044e+01
5.749499999999996191e+01
5.739499999999997470e+01
5.835999999999997101e+01
5.827499999999997016e+01
5.774999999999997158e+01
5.753999999999997073e+01
5.786999999999996902e+01
5.786999999999996902e+01
5.835999999999997101e+01
5.835999999999997101e+01
5.597999999999996845e+01
5.650999999999996248e+01
5.686499999999995936e+01
5.835999999999997101e+01
5.835999999999997101e+01
5.835999999999997101e+01
5.835999999999997101e+01
5.921499999999998209e+01
5.694999999999996021e+01
5.865999999999997527e+01
5.868499999999997385e+01
5.835999999999997101e+01
5.835999999999997101e+01
5.835999999999997101e+01
5.959999999999996589e+01
5.726999999999996760e+01
5.666999999999997328e+01
5.839999999999997726e+01
5.766999999999997328e+01
5.791999999999997328e+01
5.835999999999997101e+01
5.781499999999996930e+01
5.876499999999997215e+01
5.897499999999997300e+01
5.857499999999997442e+01
5.850999999999996959e+01
5.835999999999997101e+01
5.835999999999997101e+01
5.818999999999996930e+01
5.896499999999997499e+01
5.821499999999997499e+01
5.907499999999997442e+01
5.825999999999996959e+01
5.835999999999997101e+01
5.825499999999997414e+01
5.750499999999997414e+01
5.857499999999996732e+01
5.775999999999996959e+01
5.855999999999997385e+01
5.814999999999997726e+01
5.821499999999997499e+01
5.817499999999996874e+01
5.788499999999997669e+01
5.879499999999996618e+01
5.835499999999997556e+01
5.751999999999997470e+01
5.762999999999996703e+01
5.837999999999996703e+01
5.774499999999996902e+01
5.760999999999997812e+01
5.788999999999997215e+01
5.798999999999997357e+01
5.750999999999996959e+01
5.835999999999997101e+01
5.696999999999997755e+01
5.724999999999997868e+01
5.795999999999997243e+01
5.727499999999997726e+01
