1.594950000000000045e+02
1.490300000000001148e+02
1.638650000000000659e+02
1.563600000000000989e+02
1.664949999999999477e+02
1.634400000000000546e+02
1.547050000000001830e+02
1.622399999999999807e+02
1.559900000000000659e+02
1.618350000000001216e+02
1.605600000000000023e+02
1.660399999999998784e+02
1.605300000000000296e+02
1.637850000000000819e+02
1.644450000000000500e+02
1.679400000000000261e+02
1.658199999999999932e+02
1.615550000000000068e+02
1.630800000000000409e+02
1.681550000000000296e+02
1.611450000000000671e+02
1.632500000000000000e+02
1.616300000000000523e+02
1.663200000000000500e+02
1.671650000000000489e+02
1.609000000000000057e+02
1.661050000000000466e+02
1.648799999999999955e+02
1.731250000000000853e+02
1.617749999999999488e+02
1.596450000000000387e+02
1.651649999999999636e+02
1.680799999999999841e+02
1.665000000000000568e+02
1.587800000000000864e+02
1.598300000000000125e+02
1.572050000000001262e+02
1.638149999999999125e+02
1.652650000000000432e+02
1.641449999999999818e+02
1.578800000000000239e+02
1.712149999999999750e+02
1.626399999999999864e+02
1.662499999999999432e+02
1.641649999999999636e+02
1.684549999999999841e+02
1.617699999999999250e+02
1.554050000000000580e+02
1.556150000000000659e+02
1.559100000000000819e+02
1.581300000000000523e+02
1.563700000000000614e+02
1.581799999999999784e+02
1.579350000000000023e+02
1.579200000000000159e+02
1.528550000000001035e+02
1.564300000000001205e+02
1.554800000000000750e+02
1.584050000000000296e+02
1.584050000000000296e+02
1.584050000000000296e+02
1.584050000000000296e+02
1.583450000000000557e+02
1.582300000000001035e+02
1.588400000000000318e+02
1.586800000000000352e+02
1.583500000000000512e+02
1.584050000000000296e+02
1.584050000000000296e+02
1.584300000000000637e+02
1.557150000000000887e+02
1.563250000000001023e+02
1.567550000000000807e+02
1.565450000000001012e+02
1.574400000000000830e+02
1.584050000000000296e+02
1.595300000000000864e+02
1.557750000000000341e+02
1.563550000000000750e+02
1.568700000000000614e+02
1.570400000000000489e+02
1.580900000000000318e+02
1.582600000000000477e+02
1.574800000000001035e+02
1.558850000000000762e+02
1.558000000000000966e+02
1.576100000000000421e+02
1.578249999999999886e+02
1.584450000000000500e+02
1.584050000000000296e+02
1.596500000000000057e+02
1.572850000000000819e+02
1.575950000000000273e+02
1.586250000000000284e+02
1.584050000000000296e+02
1.584050000000000296e+02
1.584050000000000296e+02
1.603399999999999750e+02
1.570200000000000955e+02
1.558850000000000762e+02
1.582650000000000432e+02
1.579450000000000500e+02
1.579650000000000603e+02
1.584050000000000296e+02
1.608750000000000000e+02
1.589000000000000057e+02
1.588700000000000045e+02
1.585100000000000477e+02
1.582000000000000455e+02
1.584050000000000296e+02
1.584050000000000296e+02
1.573500000000000512e+02
1.587600000000000193e+02
1.558500000000000796e+02
1.592100000000000080e+02
1.589000000000000341e+02
1.587350000000000421e+02
1.577300000000000466e+02
1.563600000000000705e+02
1.578050000000000637e+02
1.578400000000000603e+02
1.580300000000000580e+02
1.572800000000000864e+02
1.569950000000000614e+02
1.571250000000000568e+02
1.567800000000000580e+02
1.586100000000000421e+02
1.564850000000000705e+02
1.594450000000000784e+02
1.570000000000000284e+02
1.576050000000000182e+02
1.568850000000000762e+02
1.560800000000000978e+02
1.564200000000000728e+02
1.566450000000000671e+02
1.567400000000000659e+02
1.569850000000000705e+02
1.560700000000000784e+02
1.566850000000000591e+02
1.561200000000000614e+02
1.580850000000000364e+02
