1.508950000000000387e+02
1.393450000000000841e+02
1.519400000000000830e+02
1.477500000000000853e+02
1.575549999999999784e+02
1.540700000000000216e+02
1.469700000000001694e+02
1.535199999999999818e+02
1.440050000000000523e+02
1.518450000000000841e+02
1.522449999999999761e+02
1.563199999999998511e+02
1.517150000000000034e+02
1.525900000000000603e+02
1.544850000000000136e+02
1.590600000000000023e+02
1.569399999999999693e+02
1.520949999999999989e+02
1.539450000000000216e+02
1.585500000000000114e+02
1.520750000000000455e+02
1.532500000000000000e+02
1.521700000000000443e+02
1.568750000000000284e+02
1.572900000000000205e+02
1.517599999999999909e+02
1.558700000000000045e+02
1.553299999999999841e+02
1.646150000000000375e+02
1.526349999999999341e+02
1.502550000000000239e+02
1.557849999999999397e+02
1.584599999999999227e+02
1.573600000000000421e+02
1.492750000000000625e+02
1.504650000000000034e+02
1.480650000000001114e+02
1.546749999999998977e+02
1.560050000000000239e+02
1.545699999999999648e+02
1.483700000000000045e+02
1.620749999999999602e+02
1.538199999999999648e+02
1.571099999999999284e+02
1.549649999999999466e+02
1.591899999999999693e+02
1.521999999999999034e+02
1.464500000000000455e+02
1.471250000000000568e+02
1.469800000000000466e+02
1.492050000000000409e+02
1.472550000000000523e+02
1.489099999999999966e+02
1.491500000000000057e+02
1.491650000000000205e+02
1.441750000000000966e+02
1.479200000000001012e+02
1.464750000000000512e+02
1.492650000000000148e+02
1.492650000000000148e+02
1.492650000000000148e+02
1.492650000000000148e+02
1.488800000000000239e+02
1.490900000000000887e+02
1.497000000000000171e+02
1.495400000000000205e+02
1.492100000000000364e+02
1.492650000000000148e+02
1.492650000000000148e+02
1.492900000000000489e+02
1.465750000000000739e+02
1.471350000000000762e+02
1.476150000000000659e+02
1.474050000000000864e+02
1.483000000000000682e+02
1.492650000000000148e+02
1.502700000000000671e+02
1.466350000000000193e+02
1.472150000000000603e+02
1.477300000000000466e+02
1.479000000000000341e+02
1.489500000000000171e+02
1.491200000000000330e+02
1.487700000000000671e+02
1.468700000000000614e+02
1.468050000000000637e+02
1.488450000000000273e+02
1.489799999999999898e+02
1.493050000000000352e+02
1.492650000000000148e+02
1.505099999999999909e+02
1.480600000000000591e+02
1.487150000000000034e+02
1.495900000000000034e+02
1.492650000000000148e+02
1.492650000000000148e+02
1.492650000000000148e+02
1.499649999999999466e+02
1.471950000000000784e+02
1.465950000000000557e+02
1.491250000000000284e+02
1.488050000000000352e+02
1.488250000000000455e+02
1.492650000000000148e+02
1.514699999999999989e+02
1.497599999999999909e+02
1.497299999999999898e+02
1.493700000000000330e+02
1.490600000000000307e+02
1.492650000000000148e+02
1.492650000000000148e+02
1.482100000000000364e+02
1.496200000000000045e+02
1.467650000000000716e+02
1.500699999999999932e+02
1.495750000000000171e+02
1.494650000000000318e+02
1.485900000000000318e+02
1.473850000000000477e+02
1.487900000000000489e+02
1.484900000000000659e+02
1.487600000000000193e+02
1.481400000000000716e+02
1.478550000000000466e+02
1.479850000000000421e+02
1.483500000000000512e+02
1.494700000000000273e+02
1.480600000000000591e+02
1.493500000000000512e+02
1.478600000000000136e+02
1.487450000000000045e+02
1.478100000000000591e+02
1.469400000000000830e+02
1.474350000000000591e+02
1.475050000000000523e+02
1.477550000000000523e+02
1.482000000000000455e+02
1.469300000000000637e+02
1.474200000000000728e+02
1.469800000000000466e+02
1.489450000000000216e+02
