4.833999999999997499e+01
5.510499999999997556e+01
5.319999999999998863e+01
6.183999999999998920e+01
5.984000000000001052e+01
6.075999999999996248e+01
5.203499999999997527e+01
5.343999999999999773e+01
5.044000000000001194e+01
5.555499999999997840e+01
5.748999999999998067e+01
6.048999999999996646e+01
5.804999999999997584e+01
5.953499999999996817e+01
5.721499999999997499e+01
6.016999999999996618e+01
5.838999999999996504e+01
5.791499999999997783e+01
5.797499999999995879e+01
6.006999999999997897e+01
5.746999999999999176e+01
5.844499999999996476e+01
5.806999999999995765e+01
5.837499999999997868e+01
5.886999999999996902e+01
5.876499999999995083e+01
5.886499999999995936e+01
5.711999999999997613e+01
5.936499999999998067e+01
5.623999999999998778e+01
5.601999999999996049e+01
5.632999999999996987e+01
5.573999999999996646e+01
5.762999999999995993e+01
5.392499999999997584e+01
5.527999999999995140e+01
5.636999999999997613e+01
5.681499999999994799e+01
5.867999999999997129e+01
5.887499999999995026e+01
5.901999999999996049e+01
6.003999999999995651e+01
5.885999999999997812e+01
5.829499999999995197e+01
5.779999999999995453e+01
5.834999999999995168e+01
5.644999999999996021e+01
5.767999999999997129e+01
5.570499999999997698e+01
5.759999999999997300e+01
5.732999999999998408e+01
5.630999999999997385e+01
5.850999999999997669e+01
5.729999999999996874e+01
5.729999999999996874e+01
5.390999999999996817e+01
5.517499999999999005e+01
5.540499999999995850e+01
5.729999999999996874e+01
5.729999999999996874e+01
5.729999999999996874e+01
5.729999999999996874e+01
5.567499999999996163e+01
5.651999999999996049e+01
5.683499999999996533e+01
5.761499999999997357e+01
5.719499999999997186e+01
5.729999999999996874e+01
5.729999999999996874e+01
5.490499999999995850e+01
5.478499999999996106e+01
5.746499999999996788e+01
5.665999999999996817e+01
5.643499999999995964e+01
5.633499999999997243e+01
5.729999999999996874e+01
5.571999999999997044e+01
5.668999999999996930e+01
5.647999999999996845e+01
5.680999999999996675e+01
5.680999999999996675e+01
5.729999999999996874e+01
5.729999999999996874e+01
5.490999999999996817e+01
5.529999999999996163e+01
5.576499999999995794e+01
5.729999999999996874e+01
5.729999999999996874e+01
5.729999999999996874e+01
5.729999999999996874e+01
5.780999999999998096e+01
5.584499999999995623e+01
5.695999999999997243e+01
5.762499999999997158e+01
5.729999999999996874e+01
5.729999999999996874e+01
5.729999999999996874e+01
5.811499999999996646e+01
5.555999999999996675e+01
5.526999999999997470e+01
5.733999999999997499e+01
5.660999999999997101e+01
5.685999999999997101e+01
5.729999999999996874e+01
5.675499999999996703e+01
5.732999999999996987e+01
5.791499999999997073e+01
5.751499999999997215e+01
5.744999999999996732e+01
5.729999999999996874e+01
5.729999999999996874e+01
5.707999999999996987e+01
5.790499999999997272e+01
5.699499999999997613e+01
5.729999999999996874e+01
5.719999999999996732e+01
5.729999999999996874e+01
5.719499999999997186e+01
5.644499999999997186e+01
5.721499999999996788e+01
5.669999999999996732e+01
5.749999999999997158e+01
5.708999999999997499e+01
5.715499999999997272e+01
5.711499999999996646e+01
5.663999999999997215e+01
5.745499999999996987e+01
5.729499999999997328e+01
5.645999999999997243e+01
5.656999999999996476e+01
5.704499999999996618e+01
5.668499999999996675e+01
5.654999999999997584e+01
5.679999999999996874e+01
5.692999999999997129e+01
5.644999999999996732e+01
5.729999999999996874e+01
5.590999999999997527e+01
5.618999999999997641e+01
5.689999999999997016e+01
5.621499999999997499e+01
